EDID BYTES:
0x   00 01 02 03 04 05 06 07 08 09 0A 0B 0C 0D 0E 0F
    ------------------------------------------------
00 | 00 FF FF FF FF FF FF 00 24 4D 1F 25 00 00 00 00
10 | 11 0F 01 03 80 18 1E 78 EA 64 92 A3 57 4A 9C 25
20 | 15 50 54 21 00 00 01 01 01 01 01 01 01 01 01 01
30 | 01 01 01 01 01 01 28 6E 80 A0 70 60 3F 90 30 20
40 | 3A 00 F0 2C 01 00 00 1A 00 00 00 FC 00 49 42 4D
50 | 20 54 32 32 31 20 48 41 4C 46 00 00 00 10 00 B0
60 | 1C 40 30 20 26 00 E0 2C 11 00 00 1A 00 00 00 10
70 | 00 09 5F 16 69 21 00 0A 20 20 20 20 20 20 00 57
